./out
2 is prime
3 is prime
4 = 2^2
5 is prime
6 = 2 * 3
7 is prime
8 = 2^3
9 = 3^2
10 = 2 * 5
11 is prime
12 = 2^2 * 3
13 is prime
14 = 2 * 7
15 = 3 * 5
16 = 2^4
17 is prime
18 = 2 * 3^2
19 is prime
20 = 2^2 * 5
21 = 3 * 7
22 = 2 * 11
23 is prime
24 = 2^3 * 3
25 = 5^2
26 = 2 * 13
27 = 3^3
28 = 2^2 * 7
29 is prime
30 = 2 * 3 * 5
31 is prime
32 = 2^5
33 = 3 * 11
34 = 2 * 17
35 = 5 * 7
36 = 2^2 * 3^2
37 is prime
38 = 2 * 19
39 = 3 * 13
40 = 2^3 * 5
41 is prime
42 = 2 * 3 * 7
43 is prime
44 = 2^2 * 11
45 = 3^2 * 5
46 = 2 * 23
47 is prime
48 = 2^4 * 3
49 = 7^2
50 = 2 * 5^2
 2:    2   2  1   0  0   0  0
 3:    3   3  1   0  0   0  0
 4:    4   2  2   0  0   0  0
 5:    5   5  1   0  0   0  0
 6:    6   2  1   3  1   0  0
 7:    7   7  1   0  0   0  0
 8:    8   2  3   0  0   0  0
 9:    9   3  2   0  0   0  0
10:   10   2  1   5  1   0  0
11:   11  11  1   0  0   0  0
12:   12   2  2   3  1   0  0
13:   13  13  1   0  0   0  0
14:   14   2  1   7  1   0  0
15:   15   3  1   5  1   0  0
16:   16   2  4   0  0   0  0
17:   17  17  1   0  0   0  0
18:   18   2  1   3  2   0  0
19:   19  19  1   0  0   0  0
20:   20   2  2   5  1   0  0
21:   21   3  1   7  1   0  0
22:   22   2  1  11  1   0  0
23:   23  23  1   0  0   0  0
24:   24   2  3   3  1   0  0
25:   25   5  2   0  0   0  0
26:   26   2  1  13  1   0  0
27:   27   3  3   0  0   0  0
28:   28   2  2   7  1   0  0
29:   29  29  1   0  0   0  0
30:   30   2  1   3  1   5  1
31:   31  31  1   0  0   0  0
32:   32   2  5   0  0   0  0
33:   33   3  1  11  1   0  0
34:   34   2  1  17  1   0  0
35:   35   5  1   7  1   0  0
36:   36   2  2   3  2   0  0
37:   37  37  1   0  0   0  0
38:   38   2  1  19  1   0  0
39:   39   3  1  13  1   0  0
40:   40   2  3   5  1   0  0
41:   41  41  1   0  0   0  0
42:   42   2  1   3  1   7  1
43:   43  43  1   0  0   0  0
44:   44   2  2  11  1   0  0
45:   45   3  2   5  1   0  0
46:   46   2  1  23  1   0  0
47:   47  47  1   0  0   0  0
48:   48   2  4   3  1   0  0
49:   49   7  2   0  0   0  0
50:   50   2  1   5  2   0  0
